SDPA-GMP start at Fri Apr 25 00:44:23 2025
*Energy: 6.0
*Potential name: x4pot
data      is aho.dat
parameter is ./param.sdpa
out       is aho.result
DENSE computation
   mu      thetaP  thetaD  objP      objD      alphaP  alphaD  beta 
 0 1.0e+08 1.0e+00 1.0e+00 +0.00e+00 -8.51e+09 1.0e+00 8.3e-02 1.24e+01
 1 1.7e+09 0.0e+00 9.2e-01 +1.66e+05 -9.01e+09 7.8e-01 7.8e-01 3.00e-01
 2 5.5e+08 5.7e-79 2.0e-01 +2.55e+05 -1.85e+09 8.2e-01 8.2e-01 3.00e-01
 3 1.5e+08 1.3e-78 3.6e-02 +3.91e+05 -3.14e+08 8.8e-01 8.8e-01 3.00e-01
 4 2.8e+07 1.5e-78 4.4e-03 +6.06e+05 -3.76e+07 9.0e-01 9.0e-01 3.00e-01
 5 4.5e+06 2.1e-78 4.6e-04 +9.38e+05 -3.97e+06 9.0e-01 9.0e-01 3.00e-01
 6 7.7e+05 3.3e-78 4.8e-05 +1.43e+06 -4.09e+05 8.7e-01 8.7e-01 3.00e-01
 7 2.1e+05 9.7e-78 6.1e-06 +1.90e+06 -5.10e+04 2.7e+00 7.7e-01 3.00e-01
 8 3.6e+04 4.3e-78 1.4e-06 +3.60e+05 -1.13e+04 1.2e+00 9.0e-01 3.00e-01
 9 1.0e+04 5.6e-78 1.4e-07 +1.68e+05 -3.31e+03 1.2e+00 1.0e+00 3.00e-01
10 2.3e+03 6.2e-78 1.1e-83 +4.17e+04 -3.91e+03 9.4e-01 1.4e+00 1.00e-01
11 3.2e+02 8.3e-78 1.8e-83 +4.90e+03 -1.42e+03 9.4e-01 9.2e-01 1.00e-01
12 5.1e+01 6.4e-78 1.3e-84 +7.24e+02 -2.87e+02 9.3e-01 9.2e-01 1.00e-01
13 8.3e+00 8.8e-78 2.1e-85 +9.67e+01 -6.87e+01 9.2e-01 9.0e-01 1.00e-01
14 1.5e+00 1.1e-77 1.0e-85 +1.54e+01 -1.38e+01 8.4e-01 8.1e-01 1.00e-01
15 3.8e-01 1.3e-77 3.7e-85 +5.32e+00 -2.32e+00 7.3e-01 7.1e-01 1.00e-01
16 1.4e-01 1.4e-77 2.1e-83 +3.01e+00 +3.05e-01 9.4e-01 7.8e-01 1.00e-01
17 3.8e-02 1.5e-77 1.3e-83 +2.69e+00 +1.93e+00 9.1e-01 9.7e-01 1.00e-01
18 5.4e-03 1.7e-77 4.7e-83 +2.48e+00 +2.37e+00 9.3e-01 9.8e-01 1.00e-01
19 7.1e-04 2.0e-77 1.5e-83 +2.45e+00 +2.44e+00 9.3e-01 9.9e-01 1.00e-01
20 8.8e-05 2.0e-77 2.2e-83 +2.45e+00 +2.45e+00 9.4e-01 1.0e+00 1.00e-01
21 9.3e-06 2.2e-77 4.7e-84 +2.45e+00 +2.45e+00 9.4e-01 1.0e+00 1.00e-01
22 9.4e-07 2.4e-77 2.1e-85 +2.45e+00 +2.45e+00 9.4e-01 1.0e+00 1.00e-01
23 9.5e-08 2.5e-77 2.7e-86 +2.45e+00 +2.45e+00 9.4e-01 1.0e+00 1.00e-01
24 9.5e-09 2.5e-77 1.9e-86 +2.45e+00 +2.45e+00 9.4e-01 1.0e+00 1.00e-01

phase.value = pdOPT     
   Iteration = 24
          mu = 9.5187342126261840e-09
relative gap = 7.7658440067490921e-08
         gap = 1.9037468425252368e-07
      digits = 7.1098113374171286e+00
objValPrimal = 2.4514359479687528e+00
objValDual   = 2.4514357575940686e+00
p.feas.error = 1.8586286975003734e-71
d.feas.error = 1.5942678269616709e-76
relative eps = 8.6361685550944446e-78
total time   = 0.450


Parameters are
maxIteration =    500
epsilonStar  = 1.000e-07
lambdaStar   = 1.000e+04
omegaStar    = 2.000e+00
lowerBound   = -1.000e+05
upperBound   = 1.000e+05
betaStar     = 1.000e-01
betaBar      = 3.000e-01
gammaStar    = 9.000e-01
epsilonDash  = 1.000e-07
precision    =    200

                         Time(sec)  Ratio(% : MainLoop) 
 Predictor time  =       0.230000,  51.111111
 Corrector time  =       0.060000,  13.333333
 Make bMat time  =       0.090000,  20.000000
 Make bDia time  =       0.000000,  0.000000
 Make bF1  time  =       0.050000,  11.111111
 Make bF2  time  =       0.030000,  6.666667
 Make bF3  time  =       0.010000,  2.222222
 Make bPRE time  =       0.060000,  13.333333
 Make rMat time  =       0.060000,  13.333333
 Make gVec Mul   =       0.000000,  0.000000
 Make gVec time  =       0.020000,  4.444444
 Cholesky bMat   =       0.000000,  0.000000
 Ste Pre time    =       0.000000,  0.000000
 Ste Cor time    =       0.070000,  15.555556
 solve           =       0.000000,  0.000000
 sumDz           =       0.010000,  2.222222
 makedX          =       0.100000,  22.222222
 symmetriseDx    =       0.000000,  0.000000
 makedXdZ        =       0.110000,  24.444444
 xMatTime        =       0.020000,  4.444444
 zMatTime        =       0.060000,  13.333333
 invzMatTime     =       0.000000,  0.000000
 xMatzMatTime    =       0.000000,  0.000000
 EigxMatTime     =       0.000000,  0.000000
 EigzMatTime     =       0.070000,  15.555556
 EigxMatzMatTime =       0.000000,  0.000000
 updateRes       =       0.000000,  0.000000
 EigTime         =       0.070000,  15.555556
 sub_total_bMat  =       0.360000,  80.000000
 Main Loop       =       0.450000,  100.000000
 File Check      =       0.000000,  0.000000
 File Change     =       0.000000,  0.000000
 File Read       =       0.000000,  0.000000
 Total           =       0.450000,  100.000000

xVec = 
{+2.218984294353e+00,-3.947350047612e-01,-1.208629087964e+00,+1.532995421408e+00,-1.087491749889e+00,+7.374232970006e-01,-2.680210966627e+00,+2.451435947969e+00}
xMat = 
{
{ {+3.451435947969e+00,-3.947350047612e-01,+2.218984294353e+00,-1.208629087964e+00,+8.000000000000e+00,-4.736820057135e+00,+3.315337383868e+01,-2.091700542647e+01,+1.561627225230e+02,-1.033921973479e+02,+7.374232970006e-01,-1.087491749889e+00,+1.532995421408e+00,-2.680210966627e+00,+5.109916366483e+00,-7.502440262790e+00,+1.957588057837e+01,-2.323334246559e+01,+8.585137828649e+01,-6.749862425390e+01 },
  {-3.947350047612e-01,+4.670420242322e+00,-1.208629087964e+00,+8.000000000000e+00,-4.736820057135e+00,+3.315337383868e+01,-2.091700542647e+01,+1.561627225230e+02,-1.033921973479e+02,+8.055296449888e+02,-1.087491749889e+00,+1.532995421408e+00,-2.680210966627e+00,+5.109916366483e+00,-7.502440262790e+00,+1.957588057837e+01,-2.323334246559e+01,+8.585137828649e+01,-6.749862425390e+01,+4.149244679260e+02 },
  {+2.218984294353e+00,-1.208629087964e+00,+1.045143594797e+01,-4.736820057135e+00,+3.315337383868e+01,-2.091700542647e+01,+1.561627225230e+02,-1.033921973479e+02,+8.055296449888e+02,-5.607636581080e+02,+1.532995421408e+00,-2.680210966627e+00,+5.109916366483e+00,-7.502440262790e+00,+1.957588057837e+01,-2.323334246559e+01,+8.585137828649e+01,-6.749862425390e+01,+4.149244679260e+02,-1.672089115908e+02 },
  {-1.208629087964e+00,+8.000000000000e+00,-4.736820057135e+00,+3.560480978665e+01,-2.091700542647e+01,+1.561627225230e+02,-1.033921973479e+02,+8.055296449888e+02,-5.607636581080e+02,+4.585495316334e+03,-2.680210966627e+00,+5.109916366483e+00,-7.502440262790e+00,+1.957588057837e+01,-2.323334246559e+01,+8.585137828649e+01,-6.749862425390e+01,+4.149244679260e+02,-1.672089115908e+02,+2.225567092924e+03 },
  {+8.000000000000e+00,-4.736820057135e+00,+3.315337383868e+01,-2.091700542647e+01,+1.586141584710e+02,-1.033921973479e+02,+8.055296449888e+02,-5.607636581080e+02,+4.585495316334e+03,-3.322864272546e+03,+5.109916366483e+00,-7.502440262790e+00,+1.957588057837e+01,-2.323334246559e+01,+8.585137828649e+01,-6.749862425390e+01,+4.149244679260e+02,-1.672089115908e+02,+2.225567092924e+03,+7.538072444737e+01 },
  {-4.736820057135e+00,+3.315337383868e+01,-2.091700542647e+01,+1.561627225230e+02,-1.033921973479e+02,+8.079810809367e+02,-5.607636581080e+02,+4.585495316334e+03,-3.322864272546e+03,+2.825084012114e+04,-7.502440262790e+00,+1.957588057837e+01,-2.323334246559e+01,+8.585137828649e+01,-6.749862425390e+01,+4.149244679260e+02,-1.672089115908e+02,+2.225567092924e+03,+7.538072444737e+01,+1.297983044332e+04 },
  {+3.315337383868e+01,-2.091700542647e+01,+1.561627225230e+02,-1.033921973479e+02,+8.055296449888e+02,-5.607636581080e+02,+4.587946752282e+03,-3.322864272546e+03,+2.825084012114e+04,-2.128411671674e+04,+1.957588057837e+01,-2.323334246559e+01,+8.585137828649e+01,-6.749862425390e+01,+4.149244679260e+02,-1.672089115908e+02,+2.225567092924e+03,+7.538072444737e+01,+1.297983044332e+04,+6.572886804529e+03 },
  {-2.091700542647e+01,+1.561627225230e+02,-1.033921973479e+02,+8.055296449888e+02,-5.607636581080e+02,+4.585495316334e+03,-3.322864272546e+03,+2.825329155709e+04,-2.128411671674e+04,+1.875308939665e+05,-2.323334246559e+01,+8.585137828649e+01,-6.749862425390e+01,+4.149244679260e+02,-1.672089115908e+02,+2.225567092924e+03,+7.538072444737e+01,+1.297983044332e+04,+6.572886804529e+03,+8.179684328238e+04 },
  {+1.561627225230e+02,-1.033921973479e+02,+8.055296449888e+02,-5.607636581080e+02,+4.585495316334e+03,-3.322864272546e+03,+2.825084012114e+04,-2.128411671674e+04,+1.875333454024e+05,-1.463243890552e+05,+8.585137828649e+01,-6.749862425390e+01,+4.149244679260e+02,-1.672089115908e+02,+2.225567092924e+03,+7.538072444737e+01,+1.297983044332e+04,+6.572886804529e+03,+8.179684328238e+04,+8.116827422039e+04 },
  {-1.033921973479e+02,+8.055296449888e+02,-5.607636581080e+02,+4.585495316334e+03,-3.322864272546e+03,+2.825084012114e+04,-2.128411671674e+04,+1.875308939665e+05,-1.463243890552e+05,+1.334632137154e+06,-6.749862425390e+01,+4.149244679260e+02,-1.672089115908e+02,+2.225567092924e+03,+7.538072444737e+01,+1.297983044332e+04,+6.572886804529e+03,+8.179684328238e+04,+8.116827422039e+04,+5.546424639317e+05 },
  {+7.374232970006e-01,-1.087491749889e+00,+1.532995421408e+00,-2.680210966627e+00,+5.109916366483e+00,-7.502440262790e+00,+1.957588057837e+01,-2.323334246559e+01,+8.585137828649e+01,-6.749862425390e+01,+3.188859244969e+00,-1.087491749889e+00,+1.532995421408e+00,-2.680210966627e+00,+5.109916366483e+00,-7.502440262790e+00,+1.957588057837e+01,-2.323334246559e+01,+8.585137828649e+01,-6.749862425390e+01 },
  {-1.087491749889e+00,+1.532995421408e+00,-2.680210966627e+00,+5.109916366483e+00,-7.502440262790e+00,+1.957588057837e+01,-2.323334246559e+01,+8.585137828649e+01,-6.749862425390e+01,+4.149244679260e+02,-1.087491749889e+00,+3.984431369377e+00,-2.680210966627e+00,+5.109916366483e+00,-7.502440262790e+00,+1.957588057837e+01,-2.323334246559e+01,+8.585137828649e+01,-6.749862425390e+01,+4.149244679260e+02 },
  {+1.532995421408e+00,-2.680210966627e+00,+5.109916366483e+00,-7.502440262790e+00,+1.957588057837e+01,-2.323334246559e+01,+8.585137828649e+01,-6.749862425390e+01,+4.149244679260e+02,-1.672089115908e+02,+1.532995421408e+00,-2.680210966627e+00,+7.561352314451e+00,-7.502440262790e+00,+1.957588057837e+01,-2.323334246559e+01,+8.585137828649e+01,-6.749862425390e+01,+4.149244679260e+02,-1.672089115908e+02 },
  {-2.680210966627e+00,+5.109916366483e+00,-7.502440262790e+00,+1.957588057837e+01,-2.323334246559e+01,+8.585137828649e+01,-6.749862425390e+01,+4.149244679260e+02,-1.672089115908e+02,+2.225567092924e+03,-2.680210966627e+00,+5.109916366483e+00,-7.502440262790e+00,+2.202731652634e+01,-2.323334246559e+01,+8.585137828649e+01,-6.749862425390e+01,+4.149244679260e+02,-1.672089115908e+02,+2.225567092924e+03 },
  {+5.109916366483e+00,-7.502440262790e+00,+1.957588057837e+01,-2.323334246559e+01,+8.585137828649e+01,-6.749862425390e+01,+4.149244679260e+02,-1.672089115908e+02,+2.225567092924e+03,+7.538072444737e+01,+5.109916366483e+00,-7.502440262790e+00,+1.957588057837e+01,-2.323334246559e+01,+8.830281423446e+01,-6.749862425390e+01,+4.149244679260e+02,-1.672089115908e+02,+2.225567092924e+03,+7.538072444737e+01 },
  {-7.502440262790e+00,+1.957588057837e+01,-2.323334246559e+01,+8.585137828649e+01,-6.749862425390e+01,+4.149244679260e+02,-1.672089115908e+02,+2.225567092924e+03,+7.538072444737e+01,+1.297983044332e+04,-7.502440262790e+00,+1.957588057837e+01,-2.323334246559e+01,+8.585137828649e+01,-6.749862425390e+01,+4.173759038740e+02,-1.672089115908e+02,+2.225567092924e+03,+7.538072444737e+01,+1.297983044332e+04 },
  {+1.957588057837e+01,-2.323334246559e+01,+8.585137828649e+01,-6.749862425390e+01,+4.149244679260e+02,-1.672089115908e+02,+2.225567092924e+03,+7.538072444737e+01,+1.297983044332e+04,+6.572886804529e+03,+1.957588057837e+01,-2.323334246559e+01,+8.585137828649e+01,-6.749862425390e+01,+4.149244679260e+02,-1.672089115908e+02,+2.228018528872e+03,+7.538072444737e+01,+1.297983044332e+04,+6.572886804529e+03 },
  {-2.323334246559e+01,+8.585137828649e+01,-6.749862425390e+01,+4.149244679260e+02,-1.672089115908e+02,+2.225567092924e+03,+7.538072444737e+01,+1.297983044332e+04,+6.572886804529e+03,+8.179684328238e+04,-2.323334246559e+01,+8.585137828649e+01,-6.749862425390e+01,+4.149244679260e+02,-1.672089115908e+02,+2.225567092924e+03,+7.538072444737e+01,+1.298228187926e+04,+6.572886804529e+03,+8.179684328238e+04 },
  {+8.585137828649e+01,-6.749862425390e+01,+4.149244679260e+02,-1.672089115908e+02,+2.225567092924e+03,+7.538072444737e+01,+1.297983044332e+04,+6.572886804529e+03,+8.179684328238e+04,+8.116827422039e+04,+8.585137828649e+01,-6.749862425390e+01,+4.149244679260e+02,-1.672089115908e+02,+2.225567092924e+03,+7.538072444737e+01,+1.297983044332e+04,+6.572886804529e+03,+8.179929471833e+04,+8.116827422039e+04 },
  {-6.749862425390e+01,+4.149244679260e+02,-1.672089115908e+02,+2.225567092924e+03,+7.538072444737e+01,+1.297983044332e+04,+6.572886804529e+03,+8.179684328238e+04,+8.116827422039e+04,+5.546424639317e+05,-6.749862425390e+01,+4.149244679260e+02,-1.672089115908e+02,+2.225567092924e+03,+7.538072444737e+01,+1.297983044332e+04,+6.572886804529e+03,+8.179684328238e+04,+8.116827422039e+04,+5.546449153676e+05 }   }
}
yMat = 
{
{ {+1.553301375447e-02,-1.904995362521e-02,+5.719433134016e-02,-3.010654124010e-03,+3.102928643224e-02,-4.553150718337e-02,-8.683792101630e-03,+1.366365354543e-02,+3.196081882853e-04,-9.942926624995e-04,-2.346689614890e-04,+1.420264948748e-02,+4.396001975702e-03,+5.089211829373e-02,+7.190383861224e-03,+3.578457578505e-02,-1.326430806869e-02,-1.147438682226e-02,+2.077709926655e-03,+6.355227194250e-04 },
  {-1.904995362521e-02,+5.024259852067e-02,-5.605711004166e-02,-7.634765485630e-03,-4.338270739036e-02,+9.166317854063e-02,+7.132167899461e-04,-2.944261447508e-02,+1.528883577510e-03,+2.447720805337e-03,+9.245729381810e-03,-1.153841782844e-03,+4.260488365311e-02,-6.814672744393e-02,+5.832896477683e-03,-1.252139273210e-02,+2.850101078085e-02,+5.469167420459e-03,-5.493048828844e-03,-2.631482116322e-04 },
  {+5.719433134016e-02,-5.605711004166e-02,+2.179788574027e-01,-1.702190251906e-02,+1.114611694261e-01,-1.488782876134e-01,-3.718238524844e-02,+4.366301975143e-02,+2.183520338455e-03,-3.017368400977e-03,+3.830610366256e-03,+6.081973725466e-02,+4.134053981204e-02,+1.843867180065e-01,+3.415430253935e-02,+1.482009850338e-01,-4.242938470211e-02,-4.675880534660e-02,+6.106992918889e-03,+2.610634542108e-03 },
  {-3.010654124010e-03,-7.634765485630e-03,-1.702190251906e-02,+5.356848576670e-03,-3.769012515562e-03,-6.270733127391e-03,+5.870497910746e-03,+2.697297738455e-03,-8.714037488018e-04,-3.248951352367e-04,-3.729417809347e-03,-9.606740367904e-03,-2.107785018714e-02,-7.448657480341e-03,-7.567760318309e-03,-2.015340708068e-02,-2.584294753683e-03,+5.849434953030e-03,+8.382887975184e-04,-3.407366057450e-04 },
  {+3.102928643224e-02,-4.338270739036e-02,+1.114611694261e-01,-3.769012515562e-03,+6.304124267698e-02,-9.805583514809e-02,-1.537745553541e-02,+2.980938146375e-02,+2.577213978841e-04,-2.229699735880e-03,-2.244362037850e-03,+2.514786471388e-02,-7.318754418919e-04,+1.027999869866e-01,+1.145967889639e-02,+6.526748070443e-02,-2.892207430076e-02,-2.121636574037e-02,+4.734226052013e-03,+1.167211369066e-03 },
  {-4.553150718337e-02,+9.166317854063e-02,-1.488782876134e-01,-6.270733127391e-03,-9.805583514809e-02,+1.812065344275e-01,+1.221174619421e-02,-5.695775065903e-02,+1.623092937792e-03,+4.551520586493e-03,+1.262622945497e-02,-1.995588301338e-02,+5.107934265572e-02,-1.568175294377e-01,-1.550995721663e-03,-6.309323306058e-02,+5.518498754248e-02,+2.216893671912e-02,-1.001505821466e-02,-1.174853517245e-03 },
  {-8.683792101630e-03,+7.132167899461e-04,-3.718238524844e-02,+5.870497910746e-03,-1.537745553541e-02,+1.221174619421e-02,+8.528106680945e-03,-2.949247934465e-03,-8.887776060066e-04,+1.017861005439e-04,-3.180360332357e-03,-1.395269599927e-02,-2.020077081674e-02,-2.633253761731e-02,-9.436085603383e-03,-3.160063576017e-02,+2.893027557457e-03,+9.595227084394e-03,-7.288247218028e-05,-5.461446418373e-04 },
  {+1.366365354543e-02,-2.944261447508e-02,+4.366301975143e-02,+2.697297738455e-03,+2.980938146375e-02,-5.695775065903e-02,-2.949247934465e-03,+1.800586638106e-02,-6.253711683486e-04,-1.454308750147e-03,-4.433966814930e-03,+4.817629368530e-03,-1.878403867722e-02,+4.747238941695e-02,-5.893913345556e-04,+1.667561568970e-02,-1.744134321925e-02,-6.033331855702e-03,+3.217462520282e-03,+3.153954095115e-04 },
  {+3.196081882853e-04,+1.528883577510e-03,+2.183520338455e-03,-8.714037488018e-04,+2.577213978841e-04,+1.623092937792e-03,-8.887776060066e-04,-6.253711683486e-04,+1.438445911273e-04,+6.731840176724e-05,+6.353230896922e-04,+1.454531100048e-03,+3.520359342227e-03,+6.375567372317e-04,+1.194961931643e-03,+2.977742888484e-03,+6.012987591935e-04,-8.509011680352e-04,-1.676981101755e-04,+4.997009980290e-05 },
  {-9.942926624995e-04,+2.447720805337e-03,-3.017368400977e-03,-3.248951352367e-04,-2.229699735880e-03,+4.551520586493e-03,+1.017861005439e-04,-1.454308750147e-03,+6.731840176724e-05,+1.197757903936e-04,+4.243702386440e-04,-1.658967267824e-04,+1.911879227440e-03,-3.519608171653e-03,+2.092500908233e-04,-8.573270649525e-04,+1.408098386149e-03,+3.413539589616e-04,-2.675704894489e-04,-1.708901931203e-05 },
  {-2.346689614890e-04,+9.245729381810e-03,+3.830610366256e-03,-3.729417809347e-03,-2.244362037850e-03,+1.262622945497e-02,-3.180360332357e-03,-4.433966814930e-03,+6.353230896922e-04,+4.243702386440e-04,+2.988900256419e-03,+5.205807783374e-03,+1.592897937594e-02,-2.679047160535e-03,+4.774119412867e-03,+9.912332173107e-03,+4.277351577979e-03,-2.693787824118e-03,-1.012820641566e-03,+1.624519701555e-04 },
  {+1.420264948748e-02,-1.153841782844e-03,+6.081973725466e-02,-9.606740367904e-03,+2.514786471388e-02,-1.995588301338e-02,-1.395269599927e-02,+4.817629368530e-03,+1.454531100048e-03,-1.658967267824e-04,+5.205807783374e-03,+2.282778640016e-02,+3.306166493659e-02,+4.306509823879e-02,+1.543994626157e-02,+5.169872131104e-02,-4.725891624430e-03,-1.569738310338e-02,+1.178159550722e-04,+8.934819452106e-04 },
  {+4.396001975702e-03,+4.260488365311e-02,+4.134053981204e-02,-2.107785018714e-02,-7.318754418919e-04,+5.107934265572e-02,-2.020077081674e-02,-1.878403867722e-02,+3.520359342227e-03,+1.911879227440e-03,+1.592897937594e-02,+3.306166493659e-02,+8.694680484470e-02,+4.168294788274e-03,+2.819651622618e-02,+6.613394325125e-02,+1.809024642074e-02,-1.860939514812e-02,-4.670455945992e-03,+1.101714452015e-03 },
  {+5.089211829373e-02,-6.814672744393e-02,+1.843867180065e-01,-7.448657480341e-03,+1.027999869866e-01,-1.568175294377e-01,-2.633253761731e-02,+4.747238941695e-02,+6.375567372317e-04,-3.519608171653e-03,-2.679047160535e-03,+4.306509823879e-02,+4.168294788274e-03,+1.679644078017e-01,+2.043423717402e-02,+1.105556713367e-01,-4.606763140745e-02,-3.575995520970e-02,+7.435348435343e-03,+1.972127939163e-03 },
  {+7.190383861224e-03,+5.832896477683e-03,+3.415430253935e-02,-7.567760318309e-03,+1.145967889639e-02,-1.550995721663e-03,-9.436085603383e-03,-5.893913345556e-04,+1.194961931643e-03,+2.092500908233e-04,+4.774119412867e-03,+1.543994626157e-02,+2.819651622618e-02,+2.043423717402e-02,+1.131458314310e-02,+3.366155600295e-02,+5.279635459374e-04,-1.000100983146e-02,-6.434056157928e-04,+5.755945864989e-04 },
  {+3.578457578505e-02,-1.252139273210e-02,+1.482009850338e-01,-2.015340708068e-02,+6.526748070443e-02,-6.309323306058e-02,-3.160063576017e-02,+1.667561568970e-02,+2.977742888484e-03,-8.573270649525e-04,+9.912332173107e-03,+5.169872131104e-02,+6.613394325125e-02,+1.105556713367e-01,+3.366155600295e-02,+1.190398139854e-01,-1.628286165563e-02,-3.647347124158e-02,+1.350178731388e-03,+2.066532521860e-03 },
  {-1.326430806869e-02,+2.850101078085e-02,-4.242938470211e-02,-2.584294753683e-03,-2.892207430076e-02,+5.518498754248e-02,+2.893027557457e-03,-1.744134321925e-02,+6.012987591935e-04,+1.408098386149e-03,+4.277351577979e-03,-4.725891624430e-03,+1.809024642074e-02,-4.606763140745e-02,+5.279635459374e-04,-1.628286165563e-02,+1.689468319133e-02,+5.882950358076e-03,-3.114542211783e-03,-3.077348395467e-04 },
  {-1.147438682226e-02,+5.469167420459e-03,-4.675880534660e-02,+5.849434953030e-03,-2.121636574037e-02,+2.216893671912e-02,+9.595227084394e-03,-6.033331855702e-03,-8.509011680352e-04,+3.413539589616e-04,-2.693787824118e-03,-1.569738310338e-02,-1.860939514812e-02,-3.575995520970e-02,-1.000100983146e-02,-3.647347124158e-02,+5.882950358076e-03,+1.122985279549e-02,-5.922551745842e-04,-6.347074567186e-04 },
  {+2.077709926655e-03,-5.493048828844e-03,+6.106992918889e-03,+8.382887975184e-04,+4.734226052013e-03,-1.001505821466e-02,-7.288247218028e-05,+3.217462520282e-03,-1.676981101755e-04,-2.675704894489e-04,-1.012820641566e-03,+1.178159550722e-04,-4.670455945992e-03,+7.435348435343e-03,-6.434056157928e-04,+1.350178731388e-03,-3.114542211783e-03,-5.922551745842e-04,+6.005609180572e-04,+2.844575592324e-05 },
  {+6.355227194250e-04,-2.631482116322e-04,+2.610634542108e-03,-3.407366057450e-04,+1.167211369066e-03,-1.174853517245e-03,-5.461446418373e-04,+3.153954095115e-04,+4.997009980290e-05,-1.708901931203e-05,+1.624519701555e-04,+8.934819452106e-04,+1.101714452015e-03,+1.972127939163e-03,+5.755945864989e-04,+2.066532521860e-03,-3.077348395467e-04,-6.347074567186e-04,+2.844575592324e-05,+3.591786116221e-05 }   }
}
    main loop time = 0.450000
        total time = 0.450000
  file   read time = 0.000000
