SDPA-GMP start at Thu Apr 24 02:55:14 2025
*Energy: 6.0
*Potential name: x4deformpot
data      is aho.dat
parameter is ./param.sdpa
out       is aho.result
DENSE computation
   mu      thetaP  thetaD  objP      objD      alphaP  alphaD  beta 
 0 1.0e+08 1.0e+00 1.0e+00 +0.00e+00 -8.51e+09 1.0e+00 8.3e-01 3.00e-01
 1 2.8e+07 0.0e+00 1.7e-01 +1.63e+04 -1.42e+09 8.1e-01 8.1e-01 3.00e-01
 2 7.8e+06 5.4e-79 3.2e-02 +2.47e+04 -2.69e+08 8.6e-01 8.6e-01 3.00e-01
 3 1.6e+06 1.8e-78 4.3e-03 +3.76e+04 -3.63e+07 9.0e-01 9.0e-01 3.00e-01
 4 2.6e+05 3.1e-78 4.4e-04 +5.77e+04 -3.72e+06 9.0e-01 9.0e-01 3.00e-01
 5 4.4e+04 4.0e-78 4.5e-05 +8.73e+04 -3.84e+05 8.7e-01 8.7e-01 3.00e-01
 6 1.3e+04 5.4e-78 5.8e-06 +1.14e+05 -4.94e+04 2.3e+00 7.8e-01 3.00e-01
 7 2.6e+03 5.8e-78 1.3e-06 +3.09e+04 -1.11e+04 1.5e+00 7.8e-01 3.00e-01
 8 5.1e+02 1.5e-78 2.8e-07 +4.91e+03 -2.36e+03 1.2e+00 8.7e-01 3.00e-01
 9 1.4e+02 2.1e-78 3.5e-08 +1.86e+03 -4.37e+02 1.2e+00 9.9e-01 3.00e-01
10 3.0e+01 2.7e-78 3.3e-10 +3.95e+02 -2.07e+02 1.2e+00 1.0e+00 3.00e-01
11 6.6e+00 4.6e-78 8.6e-84 +6.37e+01 -6.73e+01 9.6e-01 8.9e-01 1.00e-01
12 1.1e+00 7.3e-78 3.7e-84 +9.62e+00 -1.27e+01 9.7e-01 8.4e-01 1.00e-01
13 2.1e-01 8.9e-78 1.2e-84 +1.27e+00 -2.97e+00 9.0e-01 8.8e-01 1.00e-01
14 4.4e-02 1.1e-77 1.6e-84 +2.16e-01 -6.54e-01 9.3e-01 7.6e-01 1.00e-01
15 1.2e-02 1.2e-77 4.0e-84 +3.76e-02 -2.07e-01 8.6e-01 7.9e-01 1.00e-01
16 3.4e-03 1.3e-77 1.5e-83 +4.79e-03 -6.25e-02 1.0e+00 7.7e-01 1.00e-01
17 9.7e-04 1.3e-77 1.5e-83 -1.15e-03 -2.05e-02 1.0e+00 8.4e-01 1.00e-01
18 2.3e-04 1.2e-77 3.6e-83 -2.12e-03 -6.76e-03 9.5e-01 8.8e-01 1.00e-01
19 4.7e-05 1.4e-77 1.5e-82 -2.40e-03 -3.33e-03 1.0e+00 9.6e-01 1.00e-01
20 6.1e-06 1.3e-77 1.3e-82 -2.46e-03 -2.58e-03 1.0e+00 9.8e-01 1.00e-01
21 6.8e-07 1.2e-77 6.3e-83 -2.46e-03 -2.48e-03 1.0e+00 9.9e-01 1.00e-01
22 7.0e-08 1.2e-77 2.7e-83 -2.47e-03 -2.47e-03 1.0e+00 1.0e+00 1.00e-01
23 7.0e-09 1.5e-77 9.2e-83 -2.47e-03 -2.47e-03 1.0e+00 1.0e+00 1.00e-01
24 7.0e-10 1.8e-77 1.0e-82 -2.47e-03 -2.47e-03 1.0e+00 1.0e+00 1.00e-01

phase.value = pdOPT     
   Iteration = 24
          mu = 7.0160762619051567e-10
relative gap = 1.4032152523810313e-08
         gap = 1.4032152523810313e-08
      digits = 5.2447533336722962e+00
objValPrimal = -2.4653375715471440e-03
objValDual   = -2.4653516036996678e-03
p.feas.error = 1.3196229639386858e-71
d.feas.error = 3.9085154870359494e-73
relative eps = 8.6361685550944446e-78
total time   = 0.770


Parameters are
maxIteration =    500
epsilonStar  = 1.000e-07
lambdaStar   = 1.000e+04
omegaStar    = 2.000e+00
lowerBound   = -1.000e+05
upperBound   = 1.000e+05
betaStar     = 1.000e-01
betaBar      = 3.000e-01
gammaStar    = 9.000e-01
epsilonDash  = 1.000e-07
precision    =    200

                         Time(sec)  Ratio(% : MainLoop) 
 Predictor time  =       0.400000,  51.948052
 Corrector time  =       0.140000,  18.181818
 Make bMat time  =       0.340000,  44.155844
 Make bDia time  =       0.000000,  0.000000
 Make bF1  time  =       0.290000,  37.662338
 Make bF2  time  =       0.050000,  6.493506
 Make bF3  time  =       0.000000,  0.000000
 Make bPRE time  =       0.310000,  40.259740
 Make rMat time  =       0.070000,  9.090909
 Make gVec Mul   =       0.000000,  0.000000
 Make gVec time  =       0.000000,  0.000000
 Cholesky bMat   =       0.000000,  0.000000
 Ste Pre time    =       0.000000,  0.000000
 Ste Cor time    =       0.160000,  20.779221
 solve           =       0.000000,  0.000000
 sumDz           =       0.010000,  1.298701
 makedX          =       0.110000,  14.285714
 symmetriseDx    =       0.000000,  0.000000
 makedXdZ        =       0.130000,  16.883117
 xMatTime        =       0.000000,  0.000000
 zMatTime        =       0.030000,  3.896104
 invzMatTime     =       0.000000,  0.000000
 xMatzMatTime    =       0.000000,  0.000000
 EigxMatTime     =       0.070000,  9.090909
 EigzMatTime     =       0.090000,  11.688312
 EigxMatzMatTime =       0.000000,  0.000000
 updateRes       =       0.030000,  3.896104
 EigTime         =       0.160000,  20.779221
 sub_total_bMat  =       0.430000,  55.844156
 Main Loop       =       0.770000,  100.000000
 File Check      =       0.000000,  0.000000
 File Change     =       0.000000,  0.000000
 File Read       =       0.000000,  0.000000
 Total           =       0.770000,  100.000000

xVec = 
{+5.070238669664e-01,+6.791393311327e-01,-3.098173892203e-02,+6.554353849776e-01,+2.345582322887e-01,+2.301000646066e-01,+2.262948218486e-02,+2.212656209841e+00,+2.558305375160e+00,+1.799218996193e+00,-2.465337571547e-03}
xMat = 
{
{ {+9.975346624285e-01,+2.301000646066e-01,+2.212656209841e+00,+6.791393311327e-01,+7.909448089182e+00,+2.558305375160e+00,+3.298861740104e+01,+1.104907748660e+01,+1.543233155568e+02,+5.346827988866e+01,+2.345582322887e-01,-3.098173892203e-02,+5.070238669664e-01,+2.262948218486e-02,+1.799218996193e+00,+6.554353849776e-01,+7.651364373199e+00,+5.166923959494e+00,+3.714822055549e+01,+3.541806617995e+01 },
  {+2.301000646066e-01,+2.210190872270e+00,+6.791393311327e-01,+7.909448089182e+00,+2.558305375160e+00,+3.298861740104e+01,+1.104907748660e+01,+1.543233155568e+02,+5.346827988866e+01,+7.994316938781e+02,-3.098173892203e-02,+5.070238669664e-01,+2.262948218486e-02,+1.799218996193e+00,+6.554353849776e-01,+7.651364373199e+00,+5.166923959494e+00,+3.714822055549e+01,+3.541806617995e+01,+2.012231783879e+02 },
  {+2.212656209841e+00,+6.791393311327e-01,+7.906982751611e+00,+2.558305375160e+00,+3.298861740104e+01,+1.104907748660e+01,+1.543233155568e+02,+5.346827988866e+01,+7.994316938781e+02,+2.862254460838e+02,+5.070238669664e-01,+2.262948218486e-02,+1.799218996193e+00,+6.554353849776e-01,+7.651364373199e+00,+5.166923959494e+00,+3.714822055549e+01,+3.541806617995e+01,+2.012231783879e+02,+2.410622056163e+02 },
  {+6.791393311327e-01,+7.909448089182e+00,+2.558305375160e+00,+3.298615206347e+01,+1.104907748660e+01,+1.543233155568e+02,+5.346827988866e+01,+7.994316938781e+02,+2.862254460838e+02,+4.537809365495e+03,+2.262948218486e-02,+1.799218996193e+00,+6.554353849776e-01,+7.651364373199e+00,+5.166923959494e+00,+3.714822055549e+01,+3.541806617995e+01,+2.012231783879e+02,+2.410622056163e+02,+1.197282185173e+03 },
  {+7.909448089182e+00,+2.558305375160e+00,+3.298861740104e+01,+1.104907748660e+01,+1.543208502192e+02,+5.346827988866e+01,+7.994316938781e+02,+2.862254460838e+02,+4.537809365495e+03,+1.675725031265e+03,+1.799218996193e+00,+6.554353849776e-01,+7.651364373199e+00,+5.166923959494e+00,+3.714822055549e+01,+3.541806617995e+01,+2.012231783879e+02,+2.410622056163e+02,+1.197282185173e+03,+1.692268273124e+03 },
  {+2.558305375160e+00,+3.298861740104e+01,+1.104907748660e+01,+1.543233155568e+02,+5.346827988866e+01,+7.994292285405e+02,+2.862254460838e+02,+4.537809365495e+03,+1.675725031265e+03,+2.796718475705e+04,+6.554353849776e-01,+7.651364373199e+00,+5.166923959494e+00,+3.714822055549e+01,+3.541806617995e+01,+2.012231783879e+02,+2.410622056163e+02,+1.197282185173e+03,+1.692268273124e+03,+7.736726921494e+03 },
  {+3.298861740104e+01,+1.104907748660e+01,+1.543233155568e+02,+5.346827988866e+01,+7.994316938781e+02,+2.862254460838e+02,+4.537806900158e+03,+1.675725031265e+03,+2.796718475705e+04,+1.063242950836e+04,+7.651364373199e+00,+5.166923959494e+00,+3.714822055549e+01,+3.541806617995e+01,+2.012231783879e+02,+2.410622056163e+02,+1.197282185173e+03,+1.692268273124e+03,+7.736726921494e+03,+1.241415922292e+04 },
  {+1.104907748660e+01,+1.543233155568e+02,+5.346827988866e+01,+7.994316938781e+02,+2.862254460838e+02,+4.537809365495e+03,+1.675725031265e+03,+2.796718229171e+04,+1.063242950836e+04,+1.857345630821e+05,+5.166923959494e+00,+3.714822055549e+01,+3.541806617995e+01,+2.012231783879e+02,+2.410622056163e+02,+1.197282185173e+03,+1.692268273124e+03,+7.736726921494e+03,+1.241415922292e+04,+5.381275240077e+04 },
  {+1.543233155568e+02,+5.346827988866e+01,+7.994316938781e+02,+2.862254460838e+02,+4.537809365495e+03,+1.675725031265e+03,+2.796718475705e+04,+1.063242950836e+04,+1.857345606167e+05,+7.255832053494e+04,+3.714822055549e+01,+3.541806617995e+01,+2.012231783879e+02,+2.410622056163e+02,+1.197282185173e+03,+1.692268273124e+03,+7.736726921494e+03,+1.241415922292e+04,+5.381275240077e+04,+9.555573364060e+04 },
  {+5.346827988866e+01,+7.994316938781e+02,+2.862254460838e+02,+4.537809365495e+03,+1.675725031265e+03,+2.796718475705e+04,+1.063242950836e+04,+1.857345630821e+05,+7.255832053494e+04,+1.320334199896e+06,+3.541806617995e+01,+2.012231783879e+02,+2.410622056163e+02,+1.197282185173e+03,+1.692268273124e+03,+7.736726921494e+03,+1.241415922292e+04,+5.381275240077e+04,+9.555573364060e+04,+4.000138384064e+05 },
  {+2.345582322887e-01,-3.098173892203e-02,+5.070238669664e-01,+2.262948218486e-02,+1.799218996193e+00,+6.554353849776e-01,+7.651364373199e+00,+5.166923959494e+00,+3.714822055549e+01,+3.541806617995e+01,+2.320928947171e-01,-3.098173892203e-02,+5.070238669664e-01,+2.262948218486e-02,+1.799218996193e+00,+6.554353849776e-01,+7.651364373199e+00,+5.166923959494e+00,+3.714822055549e+01,+3.541806617995e+01 },
  {-3.098173892203e-02,+5.070238669664e-01,+2.262948218486e-02,+1.799218996193e+00,+6.554353849776e-01,+7.651364373199e+00,+5.166923959494e+00,+3.714822055549e+01,+3.541806617995e+01,+2.012231783879e+02,-3.098173892203e-02,+5.045585293949e-01,+2.262948218486e-02,+1.799218996193e+00,+6.554353849776e-01,+7.651364373199e+00,+5.166923959494e+00,+3.714822055549e+01,+3.541806617995e+01,+2.012231783879e+02 },
  {+5.070238669664e-01,+2.262948218486e-02,+1.799218996193e+00,+6.554353849776e-01,+7.651364373199e+00,+5.166923959494e+00,+3.714822055549e+01,+3.541806617995e+01,+2.012231783879e+02,+2.410622056163e+02,+5.070238669664e-01,+2.262948218486e-02,+1.796753658621e+00,+6.554353849776e-01,+7.651364373199e+00,+5.166923959494e+00,+3.714822055549e+01,+3.541806617995e+01,+2.012231783879e+02,+2.410622056163e+02 },
  {+2.262948218486e-02,+1.799218996193e+00,+6.554353849776e-01,+7.651364373199e+00,+5.166923959494e+00,+3.714822055549e+01,+3.541806617995e+01,+2.012231783879e+02,+2.410622056163e+02,+1.197282185173e+03,+2.262948218486e-02,+1.799218996193e+00,+6.554353849776e-01,+7.648899035627e+00,+5.166923959494e+00,+3.714822055549e+01,+3.541806617995e+01,+2.012231783879e+02,+2.410622056163e+02,+1.197282185173e+03 },
  {+1.799218996193e+00,+6.554353849776e-01,+7.651364373199e+00,+5.166923959494e+00,+3.714822055549e+01,+3.541806617995e+01,+2.012231783879e+02,+2.410622056163e+02,+1.197282185173e+03,+1.692268273124e+03,+1.799218996193e+00,+6.554353849776e-01,+7.651364373199e+00,+5.166923959494e+00,+3.714575521792e+01,+3.541806617995e+01,+2.012231783879e+02,+2.410622056163e+02,+1.197282185173e+03,+1.692268273124e+03 },
  {+6.554353849776e-01,+7.651364373199e+00,+5.166923959494e+00,+3.714822055549e+01,+3.541806617995e+01,+2.012231783879e+02,+2.410622056163e+02,+1.197282185173e+03,+1.692268273124e+03,+7.736726921494e+03,+6.554353849776e-01,+7.651364373199e+00,+5.166923959494e+00,+3.714822055549e+01,+3.541806617995e+01,+2.012207130504e+02,+2.410622056163e+02,+1.197282185173e+03,+1.692268273124e+03,+7.736726921494e+03 },
  {+7.651364373199e+00,+5.166923959494e+00,+3.714822055549e+01,+3.541806617995e+01,+2.012231783879e+02,+2.410622056163e+02,+1.197282185173e+03,+1.692268273124e+03,+7.736726921494e+03,+1.241415922292e+04,+7.651364373199e+00,+5.166923959494e+00,+3.714822055549e+01,+3.541806617995e+01,+2.012231783879e+02,+2.410622056163e+02,+1.197279719835e+03,+1.692268273124e+03,+7.736726921494e+03,+1.241415922292e+04 },
  {+5.166923959494e+00,+3.714822055549e+01,+3.541806617995e+01,+2.012231783879e+02,+2.410622056163e+02,+1.197282185173e+03,+1.692268273124e+03,+7.736726921494e+03,+1.241415922292e+04,+5.381275240077e+04,+5.166923959494e+00,+3.714822055549e+01,+3.541806617995e+01,+2.012231783879e+02,+2.410622056163e+02,+1.197282185173e+03,+1.692268273124e+03,+7.736724456156e+03,+1.241415922292e+04,+5.381275240077e+04 },
  {+3.714822055549e+01,+3.541806617995e+01,+2.012231783879e+02,+2.410622056163e+02,+1.197282185173e+03,+1.692268273124e+03,+7.736726921494e+03,+1.241415922292e+04,+5.381275240077e+04,+9.555573364060e+04,+3.714822055549e+01,+3.541806617995e+01,+2.012231783879e+02,+2.410622056163e+02,+1.197282185173e+03,+1.692268273124e+03,+7.736726921494e+03,+1.241415922292e+04,+5.381274993544e+04,+9.555573364060e+04 },
  {+3.541806617995e+01,+2.012231783879e+02,+2.410622056163e+02,+1.197282185173e+03,+1.692268273124e+03,+7.736726921494e+03,+1.241415922292e+04,+5.381275240077e+04,+9.555573364060e+04,+4.000138384064e+05,+3.541806617995e+01,+2.012231783879e+02,+2.410622056163e+02,+1.197282185173e+03,+1.692268273124e+03,+7.736726921494e+03,+1.241415922292e+04,+5.381275240077e+04,+9.555573364060e+04,+4.000138359411e+05 }   }
}
yMat = 
{
{ {+4.539183373414e-03,+1.098947916280e-03,-1.742573149415e-02,+6.569930832143e-04,+9.666408673782e-03,-4.933215990528e-04,-1.772623183963e-03,+7.606972885088e-05,+1.020983888547e-04,-3.099566367377e-06,-1.069460327482e-02,-3.486046219607e-04,+3.977910184972e-02,-5.178054035194e-04,-2.267254389741e-02,+8.380802396793e-04,+4.292096107698e-03,-2.379334910181e-04,-2.551574835182e-04,+1.788221579641e-05 },
  {+1.098947916280e-03,+1.151411858801e-02,-5.039300770906e-03,-1.889536476678e-02,+3.455980442720e-03,+8.449881625519e-03,-7.521803613274e-04,-1.389880436775e-03,+4.990820630120e-05,+7.466498606172e-05,-9.379387637514e-04,-3.624708473549e-02,+1.176236485783e-02,+4.885324750560e-02,-7.325590653234e-03,-1.929950253849e-02,+1.457143909978e-03,+2.881698945374e-03,-9.074660973021e-05,-1.425542527999e-04 },
  {-1.742573149415e-02,-5.039300770906e-03,+6.695652947287e-02,-1.132259239392e-03,-3.719034081371e-02,+1.268759962974e-03,+6.828592313568e-03,-1.893015702044e-04,-3.937891025866e-04,+6.397997698468e-06,+4.093568982744e-02,+3.976144222876e-03,-1.528658633913e-01,-1.584876398366e-03,+8.717294604898e-02,-1.794767699286e-03,-1.650767626015e-02,+6.990118051978e-04,+9.816526891576e-04,-5.793479352642e-05 },
  {+6.569930832143e-04,-1.889536476678e-02,-1.132259239392e-03,+3.237366511595e-02,-4.909440279106e-04,-1.458799714254e-02,+2.906413118927e-04,+2.396694221895e-03,-2.789464100419e-05,-1.282038560202e-04,-4.345174026742e-03,+6.120983136862e-02,+2.146365140212e-03,-8.304567333131e-02,-1.705129273180e-04,+3.315876168236e-02,-8.689538624774e-05,-5.013676535809e-03,+1.214852205555e-05,+2.514119810665e-04 },
  {+9.666408673782e-03,+3.455980442720e-03,-3.719034081371e-02,-4.909440279106e-04,+2.069576683113e-02,-2.005467415095e-04,-3.806930529394e-03,+2.230271097479e-05,+2.199222393872e-04,+8.799102001676e-07,-2.261088804598e-02,-4.329415683881e-03,+8.492301178294e-02,+3.755586759079e-03,-4.846447026483e-02,-1.497460574302e-04,+9.181694964261e-03,-2.151362348288e-04,-5.462443194588e-04,+2.351140939055e-05 },
  {-4.933215990528e-04,+8.449881625519e-03,+1.268759962974e-03,-1.458799714254e-02,-2.005467415095e-04,+6.582141662538e-03,-5.344480926167e-05,-1.081177594747e-03,+8.094764706846e-06,+5.779204300464e-05,+2.420303299305e-03,-2.751260843985e-02,-2.699168217296e-03,+3.737057583206e-02,+1.064932609961e-03,-1.494897082395e-02,-1.480040182508e-04,+2.265164395425e-03,+5.658234945911e-06,-1.138465913866e-04 },
  {-1.772623183963e-03,-7.521803613274e-04,+6.828592313568e-03,+2.906413118927e-04,-3.806930529394e-03,-5.344480926167e-05,+7.015147724515e-04,+1.073722502214e-05,-4.059448900235e-05,-9.553599192653e-07,+4.128993077034e-03,+1.174661122389e-03,-1.559560113316e-02,-1.204363520325e-03,+8.906736115106e-03,+2.327890246014e-04,-1.688137642319e-03,+8.505527665590e-06,+1.004751604598e-04,-2.765069545492e-06 },
  {+7.606972885088e-05,-1.389880436775e-03,-1.893015702044e-04,+2.396694221895e-03,+2.230271097479e-05,-1.081177594747e-03,+1.073722502214e-05,+1.775988887231e-04,-1.442854301197e-06,-9.494235690875e-06,-3.859681953724e-04,+4.521857028802e-03,+3.997368611965e-04,-6.140978697448e-03,-1.500205150277e-04,+2.455817713519e-03,+1.959197379122e-05,-3.719990398691e-04,-6.486184729291e-07,+1.869004843978e-05 },
  {+1.020983888547e-04,+4.990820630120e-05,-3.937891025866e-04,-2.789464100419e-05,+2.199222393872e-04,+8.094764706846e-06,-4.059448900235e-05,-1.442854301197e-06,+2.352881200761e-06,+9.917446001860e-08,-2.368523961759e-04,-8.882701076236e-05,+8.995131495578e-04,+9.804024748986e-05,-5.140794560970e-04,-2.482475056994e-05,+9.747695621844e-05,+1.230774593546e-06,-5.804063152678e-06,+7.327489029233e-08 },
  {-3.099566367377e-06,+7.466498606172e-05,+6.397997698468e-06,-1.282038560202e-04,+8.799102001676e-07,+5.779204300464e-05,-9.553599192653e-07,-9.494235690875e-06,+9.917446001860e-08,+5.077586238526e-07,+1.837402716281e-05,-2.422237499554e-04,-1.287033974620e-05,+3.287430592692e-04,+3.168594734530e-06,-1.313311079902e-04,-1.281586595489e-07,+1.986978144077e-05,-2.001819748355e-08,-9.970294352489e-07 },
  {-1.069460327482e-02,-9.379387637514e-04,+4.093568982744e-02,-4.345174026742e-03,-2.261088804598e-02,+2.420303299305e-03,+4.128993077034e-03,-3.859681953724e-04,-2.368523961759e-04,+1.837402716281e-05,+2.543960658594e-02,-4.487489582006e-03,-9.340923870537e-02,+8.410229500880e-03,+5.314840021962e-02,-4.837598565480e-03,-1.005109470092e-02,+9.920877847233e-04,+5.969145891779e-04,-6.369474644482e-05 },
  {-3.486046219607e-04,-3.624708473549e-02,+3.976144222876e-03,+6.120983136862e-02,-4.329415683881e-03,-2.751260843985e-02,+1.174661122389e-03,+4.521857028802e-03,-8.882701076236e-05,-2.422237499554e-04,-4.487489582006e-03,+1.162905861948e-01,-9.908547085162e-03,-1.574274848903e-01,+7.645618979557e-03,+6.263626523146e-02,-1.673554940501e-03,-9.431646525988e-03,+1.127421495954e-04,+4.708603336573e-04 },
  {+3.977910184972e-02,+1.176236485783e-02,-1.528658633913e-01,+2.146365140212e-03,+8.492301178294e-02,-2.699168217296e-03,-1.559560113316e-02,+3.997368611965e-04,+8.995131495578e-04,-1.287033974620e-05,-9.340923870537e-02,-9.908547085162e-03,+3.490083561672e-01,+4.744644559083e-03,-1.990390111863e-01,+3.648422786902e-03,+3.769302997642e-02,-1.528074883193e-03,-2.241564870683e-03,+1.288735643398e-04 },
  {-5.178054035194e-04,+4.885324750560e-02,-1.584876398366e-03,-8.304567333131e-02,+3.755586759079e-03,+3.737057583206e-02,-1.204363520325e-03,-6.140978697448e-03,+9.804024748986e-05,+3.287430592692e-04,+8.410229500880e-03,-1.574274848903e-01,+4.744644559083e-03,+2.133321459745e-01,-5.410522724629e-03,-8.501711896473e-02,+1.330589233803e-03,+1.282608150618e-02,-9.704999641337e-05,-6.416316344754e-04 },
  {-2.267254389741e-02,-7.325590653234e-03,+8.717294604898e-02,-1.705129273180e-04,-4.846447026483e-02,+1.064932609961e-03,+8.906736115106e-03,-1.500205150277e-04,-5.140794560970e-04,+3.168594734530e-06,+5.314840021962e-02,+7.645618979557e-03,-1.990390111863e-01,-5.410522724629e-03,+1.135459935291e-01,-1.001876266509e-03,-2.150666326126e-02,+7.085356638378e-04,+1.279205961902e-03,-6.533705974575e-05 },
  {+8.380802396793e-04,-1.929950253849e-02,-1.794767699286e-03,+3.315876168236e-02,-1.497460574302e-04,-1.494897082395e-02,+2.327890246014e-04,+2.455817713519e-03,-2.482475056994e-05,-1.313311079902e-04,-4.837598565480e-03,+6.263626523146e-02,+3.648422786902e-03,-8.501711896473e-02,-1.001876266509e-03,+3.396896401490e-02,+6.768691344051e-05,-5.140239074064e-03,+3.123030405877e-06,+2.579756417442e-04 },
  {+4.292096107698e-03,+1.457143909978e-03,-1.650767626015e-02,-8.689538624774e-05,+9.181694964261e-03,-1.480040182508e-04,-1.688137642319e-03,+1.959197379122e-05,+9.747695621844e-05,-1.281586595489e-07,-1.005109470092e-02,-1.673554940501e-03,+3.769302997642e-02,+1.330589233803e-03,-2.150666326126e-02,+6.768691344051e-05,+4.074000241559e-03,-1.157479017749e-04,-2.423452750785e-04,+1.145016433203e-05 },
  {-2.379334910181e-04,+2.881698945374e-03,+6.990118051978e-04,-5.013676535809e-03,-2.151362348288e-04,+2.265164395425e-03,+8.505527665590e-06,-3.719990398691e-04,+1.230774593546e-06,+1.986978144077e-05,+9.920877847233e-04,-9.431646525988e-03,-1.528074883193e-03,+1.282608150618e-02,+7.085356638378e-04,-5.140239074064e-03,-1.157479017749e-04,+7.805617913794e-04,+5.803864304969e-06,-3.932052334604e-05 },
  {-2.551574835182e-04,-9.074660973021e-05,+9.816526891576e-04,+1.214852205555e-05,-5.462443194588e-04,+5.658234945911e-06,+1.004751604598e-04,-6.486184729291e-07,-5.804063152678e-06,-2.001819748355e-08,+5.969145891779e-04,+1.127421495954e-04,-2.241564870683e-03,-9.704999641337e-05,+1.279205961902e-03,+3.123030405877e-06,-2.423452750785e-04,+5.803864304969e-06,+1.441761439107e-05,-6.268647717862e-07 },
  {+1.788221579641e-05,-1.425542527999e-04,-5.793479352642e-05,+2.514119810665e-04,+2.351140939055e-05,-1.138465913866e-04,-2.765069545492e-06,+1.869004843978e-05,+7.327489029233e-08,-9.970294352489e-07,-6.369474644482e-05,+4.708603336573e-04,+1.288735643398e-04,-6.416316344754e-04,-6.533705974575e-05,+2.579756417442e-04,+1.145016433203e-05,-3.932052334604e-05,-6.268647717862e-07,+1.988541332471e-06 }   }
}
    main loop time = 0.770000
        total time = 0.770000
  file   read time = 0.000000
